# Camera parameters for prosilica Cameras, Estimated on 07-Feb-2017.

camera111_H
559.606487	0.000000	464.494412
0.000000	560.160502	271.291507
0.000000	0.000000	1.000000
-0.159913
0.090162
1.000000	0.000000	0.000000	0.000000
0.000000	1.000000	0.000000	0.000000
0.000000	0.000000	1.000000	0.000000


camera113_H
558.616566	0.000000	476.061220
0.000000	558.810059	271.557068
0.000000	0.000000	1.000000
-0.161567
0.091713
0.997263	0.000082	0.073934	-77.768658
0.000414	0.999977	-0.006700	-0.884734
-0.073933	0.006713	0.997241	5.452103


