# Camera parameters for prosilica Cameras, Estimated on 17-Feb-2017.

camera111_H
559.664690	0.000000	469.791730
0.000000	560.780119	271.560768
0.000000	0.000000	1.000000
-0.164200
0.094626
1.000000	0.000000	0.000000	0.000000
0.000000	1.000000	0.000000	0.000000
0.000000	0.000000	1.000000	0.000000


camera113_H
557.646819	0.000000	470.457172
0.000000	558.272575	262.446070
0.000000	0.000000	1.000000
-0.159601
0.087373
0.991331	0.008897	0.131090	-78.222427
-0.010168	0.999907	0.009035	0.866656
-0.130997	-0.010289	0.991329	6.307910


