# Camera parameters for prosilica Cameras, Estimated on 01-Mar-2017.

camera111_H
558.825013	0.000000	473.653094
0.000000	559.508439	269.090780
0.000000	0.000000	1.000000
-0.162396
0.094170
1.000000	0.000000	0.000000	0.000000
0.000000	1.000000	0.000000	0.000000
0.000000	0.000000	1.000000	0.000000


camera113_H
557.554115	0.000000	472.795757
0.000000	557.631502	262.712088
0.000000	0.000000	1.000000
-0.160749
0.091080
0.999933	0.010497	0.004794	-93.150762
-0.010530	0.999921	0.006887	0.475675
-0.004722	-0.006937	0.999965	6.113445


