# Camera parameters for prosilica Cameras, Estimated on 17-Feb-2017.

camera111
1116.416455	0.000000	926.524674
0.000000	1117.286980	542.743826
0.000000	0.000000	1.000000
-0.163892
0.099095
1.000000	0.000000	0.000000	0.000000
0.000000	1.000000	0.000000	0.000000
0.000000	0.000000	1.000000	0.000000


camera113
1114.360347	0.000000	948.684810
0.000000	1114.426685	542.561685
0.000000	0.000000	1.000000
-0.164956
0.100409
0.997225	0.000063	0.074451	-77.548069
0.000421	0.999979	-0.006490	-0.952886
-0.074450	0.006504	0.997204	5.535204


camera111_H
559.606487	0.000000	464.494412
0.000000	560.160502	271.291507
0.000000	0.000000	1.000000
-0.159913
0.090162
1.000000	0.000000	0.000000	0.000000
0.000000	1.000000	0.000000	0.000000
0.000000	0.000000	1.000000	0.000000


camera113_H
558.616566	0.000000	476.061220
0.000000	558.810059	271.557068
0.000000	0.000000	1.000000
-0.161567
0.091713
0.997263	0.000082	0.073934	-77.768658
0.000414	0.999977	-0.006700	-0.884734
-0.073933	0.006713	0.997241	5.452103


