# Camera parameters for prosilica Cameras, Estimated on 21-Feb-2017.

camera111_H
557.252734	0.000000	463.306032
0.000000	557.879013	272.238003
0.000000	0.000000	1.000000
-0.167773
0.099515
1.000000	0.000000	0.000000	0.000000
0.000000	1.000000	0.000000	0.000000
0.000000	0.000000	1.000000	0.000000


camera113_H
556.395898	0.000000	474.606230
0.000000	556.597203	271.969877
0.000000	0.000000	1.000000
-0.166841
0.099627
0.997239	0.000065	0.074262	-77.506899
0.000402	0.999980	-0.006284	-0.853752
-0.074261	0.006296	0.997219	6.061940


