# Camera parameters for prosilica Cameras, Estimated on 01-Feb-2017.

camera111_H
557.474475	0.000000	462.328367
0.000000	558.356755	271.463203
0.000000	0.000000	1.000000
-0.163857
0.095915
1.000000	0.000000	0.000000	0.000000
0.000000	1.000000	0.000000	0.000000
0.000000	0.000000	1.000000	0.000000


camera113_H
556.852103	0.000000	475.009598
0.000000	557.289166	271.254661
0.000000	0.000000	1.000000
-0.164322
0.096557
0.997317	-0.000204	0.073209	-77.778265
0.000689	0.999978	-0.006611	-1.245261
-0.073206	0.006644	0.997295	6.048862


